phi_a =

    0.4500    0.5500


P_b =

    0.2268
    0.7287
    0.3702
    0.1693
    0.6916
    0.3420
    0.7900
    0.9360
    0.5864
    0.2733


P_c =

    0.2654
    0.4311
    0.2675
    0.3029
    0.6131
    0.5705
    0.7966
    0.7636
    0.3457
    0.2733


qstar =

     1     1     1     1     2     2     2     2     1     1


prob_not_watch =

   1.3992e-08


prob_watch =

   8.9072e-09
